4294967279,452
4294967279,451
321,4
324,4
324,5
319,4
4294967279,450
4294967279,449
4294967278,264
4294967294,40
4294967294,976
308,2
4294967279,448
308,4
308,5
0,7
320,5
315,4
312,4
4294967294,470
320,4
320,1
4294967294,36
4294967294,22
4294967294,39
4294967294,471
4294967294,473
4294967279,249
4294967279,248
4294967279,246
4294967279,244
4294967294,81
4294967294,17
4294967294,42
4294967294,76
4294967294,41
4294967294,116
4294967294,984
4294967294,983
4294967294,11
4294967294,1427
4294967294,979
4294967294,67
4294967294,68
4294967293,131
4294967293,130
4294967293,129
4294967293,128
4294967293,127
4294967293,126
4294967293,125
4294967293,124
4294967293,123
4294967293,122
4294967293,121
4294967293,120
4294967293,119
4294967293,118
4294967293,117
4294967293,116
4294967293,115
4294967293,114
4294967293,113
4294967293,112
4294967293,111
4294967293,110
4294967293,109
4294967293,108
4294967293,107
4294967293,106
4294967293,105
4294967293,104
4294967293,103
4294967293,102
4294967293,101
4294967293,100
4294967293,99
4294967293,98
4294967293,97
4294967293,96
4294967293,95
4294967293,94
4294967293,93
4294967293,92
4294967293,91
4294967293,90
4294967293,89
4294967293,87
4294967293,86
4294967293,85
4294967293,84
4294967293,83
4294967293,82
4294967293,81
4294967293,80
4294967293,79
4294967293,78
4294967293,77
4294967293,76
4294967293,75
4294967293,74
4294967293,73
4294967293,72
4294967293,71
4294967293,70
4294967293,69
4294967293,68
4294967293,67
4294967293,66
4294967293,65
4294967293,64
4294967293,63
4294967293,62
4294967293,61
4294967293,60
4294967293,59
4294967293,58
4294967293,57
4294967293,56
4294967293,55
4294967293,54
4294967293,53
4294967293,52
4294967293,51
4294967293,50
4294967293,49
4294967293,48
4294967293,47
4294967293,46
4294967293,45
4294967293,44
4294967293,43
4294967293,42
4294967293,41
4294967293,40
4294967293,39
4294967293,38
4294967293,37
4294967293,36
4294967293,35
4294967293,34
4294967293,33
4294967293,32
4294967293,31
4294967293,30
4294967293,29
4294967293,28
4294967293,27
4294967293,26
4294967293,25
4294967293,24
4294967293,23
4294967293,22
4294967293,21
4294967293,20
4294967293,19
4294967293,18
4294967293,17
4294967293,16
4294967293,15
4294967293,14
4294967293,13
4294967293,12
4294967293,11
4294967293,10
4294967293,9
4294967293,8
4294967293,7
4294967293,6
4294967293,5
4294967293,4
4294967293,3
4294967278,129
4294967278,128
4294967278,127
4294967278,126
4294967278,124
4294967278,123
4294967278,121
4294967278,120
4294967278,119
4294967278,118
4294967278,117
4294967278,116
4294967278,114
4294967278,113
4294967278,94
4294967278,90
4294967278,316
4294967278,89
4294967278,86
4294967278,85
4294967278,84
4294967278,83
4294967278,82
4294967278,81
4294967278,79
4294967278,78
4294967278,223
4294967278,530
4294967278,77
4294967278,76
4294967278,75
4294967278,74
4294967278,73
4294967278,72
4294967278,71
4294967278,70
4294967278,69
4294967278,559
4294967278,68
4294967278,67
4294967278,66
4294967278,65
4294967278,64
4294967278,63
4294967278,62
4294967278,61
4294967278,60
4294967278,59
4294967278,58
4294967278,57
4294967278,56
4294967278,55
4294967278,54
4294967278,53
4294967278,52
4294967278,51
4294967278,46
4294967278,36
4294967278,30
4294967278,29
4294967278,25
4294967278,23
4294967278,20
4294967278,17
4294967278,565
4294967278,15
4294967278,14
4294967278,11
4294967278,280
4294967278,10
4294967278,9
4294967278,88
4294967278,0
4294967278,260
4294967279,113
4294967279,219
4294967279,104
4294967279,103
4294967279,98
4294967279,319
4294967279,93
4294967279,90
4294967279,317
4294967279,89
4294967279,86
4294967279,85
4294967279,399
4294967279,83
4294967279,82
4294967279,81
4294967279,79
4294967279,344
4294967279,310
4294967279,78
4294967279,372
4294967279,71
4294967279,70
4294967279,69
4294967279,63
4294967279,62
4294967279,61
4294967279,57
4294967279,369
4294967279,56
4294967279,55
4294967279,51
4294967279,47
4294967279,36
4294967279,30
4294967279,26
4294967279,88
4294967279,346
4294967279,0
4294967279,260
4294967294,1443
4294967294,1677
4294967294,1676
4294967294,924
4294967294,1282
4294967294,794
4294967278,531
4294967278,345
4294967294,1423
4294967294,178
4294967294,479
4294967294,480
4294967294,1673
4294967294,952
4294967294,1303
4294967294,1675
4294967294,903
4294967294,161
4294967294,743
4294967294,1296
4294967294,738
4294967294,572
4294967294,735
4294967294,734
4294967294,731
4294967294,727
4294967294,726
4294967294,720
4294967294,719
4294967294,701
4294967294,568
4294967294,694
4294967294,693
4294967294,691
4294967294,564
4294967294,1572
4294967294,674
4294967294,663
4294967294,660
4294967294,531
4294967294,565
4294967294,656
4294967294,654
4294967294,652
4294967294,651
4294967294,650
4294967294,649
4294967294,571
4294967294,1431
4294967294,637
4294967294,636
4294967294,634
4294967294,560
4294967294,629
4294967294,628
4294967294,627
4294967294,1571
4294967294,626
4294967294,625
4294967294,624
4294967294,72
4294967294,566
4294967294,617
4294967294,615
4294967294,614
4294967294,613
4294967294,547
4294967294,611
4294967294,558
4294967294,71
4294967294,608
4294967294,605
4294967294,604
4294967294,603
4294967294,602
4294967294,601
4294967294,600
4294967294,70
4294967294,1570
4294967294,599
4294967294,598
4294967294,597
4294967294,1567
4294967294,596
4294967294,595
4294967294,594
4294967294,1569
4294967294,592
4294967294,590
4294967294,1679
4294967294,1568
4294967294,585
4294967294,582
4294967294,581
4294967294,580
4294967294,318
4294967294,308
4294967294,296
4294967294,553
4294967294,271
4294967294,270
4294967294,1566
4294967294,267
4294967294,266
4294967294,265
4294967294,264
4294967294,258
4294967294,257
4294967294,254
4294967294,253
4294967294,240
4294967294,1438
4294967294,239
4294967294,236
4294967294,203
4294967294,137
4294967294,200
4294967294,1564
4294967294,198
4294967294,196
4294967294,1565
4294967294,195
4294967294,194
4294967294,193
4294967294,192
4294967294,539
4294967294,537
4294967294,526
4294967294,953
4294967294,1563
4294967294,1562
4294967294,167
4294967294,1561
4294967294,115
4294967294,99
1,0
4294967294,104
4294967294,106
4294967294,107
4294967294,1097
4294967294,541
4294967294,1323
4294967294,1132
4294967294,1107
4294967294,1095
4294967294,824
4294967294,1416
4294967294,951
4294967294,1418
4294967294,1092
4294967294,787
4294967294,1090
4294967294,808
4294967294,1141
4294967294,1091
4294967294,46
4294967294,1147
4294967294,1604
4294967294,1140
4294967294,129
4294967294,771
4294967294,1433
4294967294,1419
4294967278,526
4294967279,371
4294967278,341
4294967279,370
4294967278,219
4294967279,338
4294967279,425
4294967278,331
4294967278,383
4294967279,335
4294967279,428
4294967278,382
4294967279,138
4294967279,416
4294967279,404
4294967278,381
4294967279,397
4294967279,343
4294967278,344
4294967279,235
4294967279,362
4294967278,525
4294967279,291
4294967278,322
4294967278,380
4294967278,539
4294967278,379
4294967278,566
4294967278,378
4294967278,277
4294967279,233
4294967278,377
4294967278,376
4294967279,332
4294967279,227
4294967279,245
4294967279,241
4294967279,221
4294967279,336
4294967279,358
4294967278,299
4294967278,524
4294967279,300
4294967278,296
4294967278,289
4294967278,372
4294967294,1560
4294967294,1559
4294967294,1669
4294967294,1667
4294967294,1558
4294967294,1556
4294967294,1557
4294967294,1299
4294967294,987
4294967294,1137
4294967294,1442
4294967294,772
4294967294,1121
4294967294,1555
4294967294,434
4294967294,1666
4294967294,807
4294967294,1320
4294967294,1553
4294967294,1552
4294967294,1619
4294967294,1551
4294967294,1130
4294967294,1603
4294967294,1408
4294967294,1093
4294967294,1417
4294967294,1139
4294967294,1549
4294967294,1548
4294967294,1623
4294967294,1665
4294967294,5
4294967294,24
4294967294,445
4294967294,136
4294967294,1547
4294967294,782
4294967294,1606
4294967294,2
4294967294,989
4294967294,1621
4294967294,1610
4294967294,1138
4294967294,1620
4294967294,1609
4294967294,1615
4294967294,1543
4294967294,1470
4294967294,1600
4294967294,1542
4294967294,455
4294967294,1611
4294967294,786
4294967294,443
4294967294,1539
4294967294,444
4294967294,131
4294967294,1440
4294967294,1449
4294967294,1538
4294967294,425
4294967294,1537
4294967294,508
4294967294,1468
4294967294,1463
4294967294,1
4294967294,1536
4294967294,454
4294967294,902
4294967294,393
4294967294,409
4294967294,1602
4294967294,1306
4294967294,1617
4294967294,392
4294967294,1471
4294967294,126
4294967294,153
4294967294,389
4294967294,152
4294967294,29
4294967294,83
4294967294,1284
4294967294,1457
4294967294,1448
4294967294,145
4294967294,92
4294967294,901
4294967294,91
4294967294,90
4294967294,88
4294967294,87
4294967294,86
4294967294,28
4294967294,25
4294967294,53
4294967294,52
4294967294,51
4294967294,26
4294967294,45
4294967294,44
4294967294,432
4294967294,7
4294967294,6
4294967294,82
4294967294,43
4294967294,125
4294967294,3
4294967294,990
4294967294,1133
4294967294,1089
4294967294,8
4294967294,1475
4294967294,1474
4294967294,1473
4294967294,1472
4294967294,383
4294967294,381
4294967294,382
4294967294,380
4294967294,379
4294967294,378
4294967294,377
4294967294,376
4294967294,375
4294967294,374
4294967294,373
4294967294,372
4294967294,371
4294967294,1425
4294967278,371
4294967279,345
4294967279,445
4294967278,375
4294967278,374
4294967279,387
4294967278,570
4294967278,373
4294967279,447
4294967278,215
4294967278,255
4294967279,446
4294967278,251
4294967279,444
4294967279,434
4294967278,368
4294967279,443
4294967278,362
4294967278,361
4294967278,367
4294967278,307
4294967279,442
4294967278,314
4294967279,432
4294967278,312
4294967279,361
4294967279,217
4294967279,441
4294967279,342
4294967279,440
4294967279,431
4294967278,365
4294967278,359
4294967278,552
4294967278,544
4294967278,529
4294967279,306
4294967278,512
4294967279,439
4294967278,574
4294967279,438
4294967279,320
4294967279,215
4294967278,370
4294967278,304
4294967278,369
4294967278,363
4294967279,433
4294967279,395
4294967279,341
4294967278,366
4294967279,430
4294967294,1422
4294967294,452
4294967294,453
4294967294,1670
4294967294,418
4294967294,419
4294967294,1452
4294967294,391
4294967294,422
4294967294,1435
4294967294,1415
4294967294,401
4294967294,426
4294967294,410
4294967294,188
4294967294,185
4294967294,177
4294967294,182
4294967294,973
4294967294,974
4294967294,971
4294967294,970
4294967294,174
4294967294,176
4294967294,172
4294967294,171
4294967294,1134
4294967294,173
4294967294,170
4294967294,163
4294967294,190
4294967294,968
4294967294,1135
4294967294,84
4294967294,969
4294967294,12
4294967294,370
4294967294,369
4294967294,368
4294967294,367
4294967294,366
